0.0353553, -178.0
6.97925, -154.0
0.308442, -138.0
0.00963882, -183.0
0.282843, -137.0
2.26274, -159.0
5.86883, -154.0
16.5995, -145.0
2.69087, -159.0
0.109051, -151.0
1.90273, -160.0
1.13137, -158.0
0.366802, -141.0
0.00743254, -183.0
0.218102, -138.0
0.183401, -139.0
0.8, -155.0
0.1, -154.0
0.154221, -142.0
1.34543, -159.0
0.951366, -157.0
2.46754, -159.0
0.0136313, -184.0
18.1019, -130.0
0.0114626, -184.0
1.6, -161.0
7.61093, -153.0
3.80546, -157.0
1.03747, -158.0
0.0840896, -160.0
0.475683, -145.0
3.2, -158.0
0.00810525, -183.0
0.616884, -150.0
1.23377, -159.0
0.0917004, -157.0
0.00883883, -184.0
0.0771105, -162.0
0.0707107, -163.0
0.0297302, -181.0
0.0385553, -175.0
1.46721, -160.0
6.4, -154.0
0.4, -142.0
0.168179, -140.0
12.8, -149.0
0.032421, -180.0
0.129684, -147.0
13.9585, -149.0
0.064842, -164.0
0.00573128, -185.0
4.14989, -156.0
0.0210224, -184.0
9.87015, -115.0
0.672717, -152.0
0.118921, -149.0
19.7403, -87.0
0.0105112, -184.0
11.7377, -149.0
0.565685, -149.0
0.259368, -137.0
0.0229251, -184.0
0.0272627, -182.0
0.141421, -144.0
0.0192776, -185.0
3.48962, -157.0
5.38174, -155.0
0.0148651, -185.0
0.518736, -147.0
2.07494, -160.0
0.0176777, -185.0
0.0420448, -172.0
15.2219, -149.0
0.0052556, -185.0
0.00625, -184.0
1.74481, -160.0
9.05097, -139.0
0.336359, -140.0
0.0125, -184.0
0.237841, -137.0
0.0458502, -169.0
0.436203, -144.0
4.52548, -156.0
0.0162105, -185.0
0.025, -183.0
0.0594604, -165.0
2.93441, -158.0
8.29977, -151.0
0.0545254, -166.0
10.7635, -149.0
0.05, -167.0
0.00681567, -184.0
0.872406, -156.0
4.93507, -156.0
0.2, -138.0
0.733603, -153.0
