0.0353553, -151.0
6.97925, -175.0
0.308442, -129.0
0.00963882, -129.0
0.282843, -127.0
2.26274, -171.0
5.86883, -172.0
16.5995, -167.0
2.69087, -172.0
0.109051, -139.0
1.90273, -169.0
1.13137, -156.0
0.366802, -132.0
0.00743254, -125.0
0.218102, -125.0
0.183401, -126.0
0.8, -150.0
0.1, -143.0
0.154221, -129.0
1.34543, -159.0
33.1991, -159.0
0.951366, -153.0
2.46754, -172.0
0.0136313, -135.0
18.1019, -167.0
0.0114626, -132.0
1.6, -167.0
7.61093, -174.0
3.80546, -172.0
1.03747, -155.0
0.0840896, -151.0
0.475683, -139.0
3.2, -172.0
0.00810525, -126.0
0.616884, -146.0
1.23377, -157.0
0.0917004, -147.0
0.00883883, -128.0
0.0771105, -154.0
0.0707107, -155.0
0.0297302, -149.0
0.0385553, -152.0
1.46721, -162.0
6.4, -173.0
0.4, -134.0
0.168179, -127.0
12.8, -170.0
0.032421, -150.0
0.129684, -134.0
13.9585, -169.0
25.6, -165.0
0.064842, -154.0
0.00573128, -122.0
23.4753, -165.0
4.14989, -172.0
0.0210224, -143.0
9.87015, -171.0
0.672717, -147.0
0.118921, -136.0
19.7403, -167.0
0.0105112, -131.0
11.7377, -170.0
0.565685, -144.0
0.259368, -126.0
30.4437, -165.0
0.0229251, -145.0
0.0272627, -147.0
0.141421, -132.0
0.0192776, -142.0
3.48962, -172.0
5.38174, -171.0
0.0148651, -137.0
0.518736, -142.0
2.07494, -169.0
0.0176777, -140.0
0.0420448, -153.0
15.2219, -168.0
0.0052556, -121.0
0.00625, -123.0
1.74481, -168.0
9.05097, -173.0
36.2039, -148.0
0.336359, -130.0
27.917, -165.0
0.0125, -134.0
0.237841, -126.0
0.0458502, -153.0
0.436203, -136.0
4.52548, -172.0
0.0162105, -138.0
0.025, -146.0
0.0594604, -154.0
2.93441, -174.0
8.29977, -174.0
0.0545254, -153.0
39.4806, -128.0
21.5269, -165.0
10.7635, -171.0
0.05, -153.0
0.00681567, -124.0
0.872406, -152.0
4.93507, -171.0
0.2, -126.0
0.733603, -149.0
